00000000000000000000000000000000000000000000000000
00000000000000000000000000000000000000000000000000
00000000000000000000000000000000000000000000000000
00000000000000000000000000000000000000000000000000
00000000000000000000000022222222200000000000000000
00000000000000000000000000111111122222222200000000
00000000000000000000000000000011111111111122222222
22200000000000000000000000000111111111111111111111
11122220000000000000000000022111111111111111111111
11111112222222222222222222211111111111111111111111
11111111111111111111111111111111111111111111111111
11111111111111111111111111111111111111111111111111
11111111111111111111111111111111111111111111111111